100 300
1
2
3
4
5
6
7
8
9
10
11
12
13
14
15
16
17
18
19
20
21
22
23
24
25
26
27
28
29
30
31
32
33
34
35
36
37
38
39
40
41
42
43
44
45
46
47
48
49
50
51
52
53
54
55
56
57
58
59
60
61
62
63
64
65
66
67
68
69
70
71
72
73
74
75
76
77
78
79
80
81
82
83
84
85
86
87
88
89
90
91
92
93
94
95
96
97
98
99
100
1 22
2 62
3 50
4 73
5 15
6 78
7 85
8 52
9 41
10 26
11 66
12 1
13 38
14 62
15 23
16 83
17 1
18 97
19 43
20 41
21 88
22 50
23 10
24 26
25 78
26 37
27 86
28 79
29 73
30 6
31 95
32 53
33 71
34 17
35 1
36 45
37 36
38 43
39 83
40 94
41 7
42 87
43 39
44 85
45 100
46 25
47 20
48 66
49 1
50 18
51 96
52 35
53 48
54 93
55 97
56 24
57 7
58 85
59 16
60 35
61 91
62 60
63 89
64 17
65 56
66 40
67 15
68 71
69 89
70 32
71 29
72 85
73 59
74 32
75 47
76 61
77 93
78 100
79 81
80 55
81 18
82 6
83 95
84 73
85 54
86 36
87 54
88 60
89 57
90 76
91 53
92 76
93 2
94 48
95 99
96 87
97 48
98 1
99 47
100 75
1 19
2 59
3 60
4 42
5 90
22 1
62 2
50 3
73 4
15 5
78 6
85 7
52 8
41 9
26 10
66 11
1 12
38 13
62 14
23 15
83 16
1 17
97 18
43 19
41 20
88 21
50 22
10 23
26 24
78 25
37 26
86 27
79 28
73 29
6 30
95 31
53 32
71 33
17 34
1 35
45 36
36 37
43 38
83 39
94 40
7 41
87 42
39 43
85 44
100 45
25 46
20 47
66 48
1 49
18 50
96 51
35 52
48 53
93 54
97 55
24 56
7 57
85 58
16 59
35 60
91 61
60 62
89 63
17 64
40 66
15 67
71 68
89 69
29 71
85 72
59 73
32 74
47 75
61 76
93 77
100 78
81 79
55 80
18 81
6 82
95 83
73 84
54 85
36 86
54 87
60 88
57 89
76 90
53 91
76 92
2 93
48 94
99 95
87 96
48 97
47 99
75 100
19 1
59 2
60 3
42 4
90 5
2 24
4 22
5 88
6 17
7 44
8 19
9 30
10 11
11 89
12 48
13 23
14 13
15 44
16 49
17 71
18 16
19 88
20 10
21 24
22 14
23 51
24 37
25 13
26 84
27 11
28 68
29 89
30 45
31 90
32 96
33 5
34 4
35 16
36 54
37 55
38 15
39 94
40 91
41 63
42 34
43 15
44 43
45 46
46 61
47 5
48 34
49 74
50 49
51 9
52 83
53 33
54 74
55 93
56 73
57 25
58 92
59 68
60 67
61 12
62 1
63 56
64 73
65 46
66 76
67 26
68 45
69 57
70 97
71 98
72 97
74 89
75 10
76 94
77 14
78 42
79 1
80 84
81 47
82 95
83 27
84 44
85 40
86 99
87 16
88 27
89 74
90 78
91 56
92 54
93 69
94 33
96 21
97 19
