500 1000
1
2
3
4
5
6
7
8
9
10
11
12
13
14
15
16
17
18
19
20
21
22
23
24
25
26
27
28
29
30
31
32
33
34
35
36
37
38
39
40
41
42
43
44
45
46
47
48
49
50
51
52
53
54
55
56
57
58
59
60
61
62
63
64
65
66
67
68
69
70
71
72
73
74
75
76
77
78
79
80
81
82
83
84
85
86
87
88
89
90
91
92
93
94
95
96
97
98
99
100
101
102
103
104
105
106
107
108
109
110
111
112
113
114
115
116
117
118
119
120
121
122
123
124
125
126
127
128
129
130
131
132
133
134
135
136
137
138
139
140
141
142
143
144
145
146
147
148
149
150
151
152
153
154
155
156
157
158
159
160
161
162
163
164
165
166
167
168
169
170
171
172
173
174
175
176
177
178
179
180
181
182
183
184
185
186
187
188
189
190
191
192
193
194
195
196
197
198
199
200
201
202
203
204
205
206
207
208
209
210
211
212
213
214
215
216
217
218
219
220
221
222
223
224
225
226
227
228
229
230
231
232
233
234
235
236
237
238
239
240
241
242
243
244
245
246
247
248
249
250
251
252
253
254
255
256
257
258
259
260
261
262
263
264
265
266
267
268
269
270
271
272
273
274
275
276
277
278
279
280
281
282
283
284
285
286
287
288
289
290
291
292
293
294
295
296
297
298
299
300
301
302
303
304
305
306
307
308
309
310
311
312
313
314
315
316
317
318
319
320
321
322
323
324
325
326
327
328
329
330
331
332
333
334
335
336
337
338
339
340
341
342
343
344
345
346
347
348
349
350
351
352
353
354
355
356
357
358
359
360
361
362
363
364
365
366
367
368
369
370
371
372
373
374
375
376
377
378
379
380
381
382
383
384
385
386
387
388
389
390
391
392
393
394
395
396
397
398
399
400
401
402
403
404
405
406
407
408
409
410
411
412
413
414
415
416
417
418
419
420
421
422
423
424
425
426
427
428
429
430
431
432
433
434
435
436
437
438
439
440
441
442
443
444
445
446
447
448
449
450
451
452
453
454
455
456
457
458
459
460
461
462
463
464
465
466
467
468
469
470
471
472
473
474
475
476
477
478
479
480
481
482
483
484
485
486
487
488
489
490
491
492
493
494
495
496
497
498
499
500
1 26
2 309
3 282
4 168
5 478
6 146
7 155
8 479
9 50
10 113
11 251
12 52
13 206
14 381
15 324
16 384
17 179
18 114
19 495
20 162
21 131
22 477
23 157
24 460
25 31
26 336
27 391
28 308
29 326
30 303
31 317
32 274
33 186
34 214
35 31
36 39
37 98
38 286
39 499
40 159
41 206
42 100
43 38
44 23
45 69
46 34
47 159
48 122
49 301
50 71
51 400
52 232
53 273
54 128
55 176
56 329
57 229
58 189
59 291
60 174
61 157
62 49
63 418
64 276
65 373
66 130
67 323
68 452
69 220
70 370
71 118
72 308
73 302
74 65
75 250
76 231
77 22
78 287
79 62
80 348
81 380
82 342
83 144
84 9
85 67
86 355
87 206
88 330
89 144
90 266
91 131
92 16
93 257
94 155
95 458
96 379
97 96
98 204
99 495
100 349
101 238
102 245
103 424
104 488
105 113
106 305
107 70
108 475
109 170
110 450
111 39
112 36
113 461
114 492
115 207
116 32
117 143
118 223
119 211
120 208
121 375
122 104
123 348
124 142
125 397
126 329
127 39
128 77
129 118
130 216
131 456
132 350
133 328
134 346
135 460
136 28
137 153
138 192
139 245
140 454
141 133
142 132
143 44
144 146
145 493
146 276
147 304
148 49
149 28
150 235
151 486
152 457
153 147
154 470
155 377
156 468
157 486
158 33
159 13
160 320
161 265
162 322
163 22
164 451
165 397
166 418
167 212
168 103
169 398
170 448
171 307
172 450
173 450
174 40
175 254
176 34
177 419
178 105
179 235
180 87
181 209
182 95
183 48
184 26
185 404
186 456
187 130
188 6
189 35
190 460
191 65
192 272
193 138
194 46
195 323
196 240
197 231
198 441
199 369
200 434
201 14
202 393
203 96
204 147
205 225
206 340
207 462
208 70
209 435
210 14
211 338
212 273
213 412
214 362
215 268
216 150
217 254
218 78
219 315
220 88
221 191
222 91
223 52
224 143
225 317
226 417
227 332
228 235
229 226
230 434
231 22
232 28
233 470
234 136
235 152
236 291
237 16
238 213
239 308
240 474
241 210
242 255
243 235
244 143
245 132
246 374
247 145
248 71
249 426
250 474
251 490
252 54
253 388
254 161
255 280
256 327
257 381
258 157
259 150
260 96
261 155
262 213
263 291
264 42
265 75
266 368
267 136
268 404
269 30
270 231
271 370
272 346
273 371
274 333
275 53
276 51
277 410
278 477
279 240
280 162
281 360
282 121
283 418
284 14
285 117
286 205
287 221
288 495
289 431
290 213
291 81
292 10
293 186
294 89
295 224
296 150
297 40
298 49
299 473
300 27
301 429
302 309
303 13
304 115
305 467
306 250
307 7
308 341
309 474
310 357
311 351
312 151
313 498
314 138
315 439
316 216
317 319
318 448
319 472
320 234
321 241
322 194
323 192
324 79
325 456
326 171
327 265
328 257
329 368
330 150
331 374
332 32
333 27
334 285
335 3
336 261
337 59
338 447
339 114
340 213
341 166
342 80
343 336
344 379
345 354
346 354
347 485
348 300
349 160
350 121
351 295
352 57
353 391
354 404
355 290
356 70
357 359
358 203
359 193
360 12
361 419
362 330
363 486
364 388
365 295
366 350
367 58
368 312
369 73
370 382
371 53
372 71
373 219
374 181
375 356
376 64
377 291
378 194
379 414
380 153
381 85
382 274
383 388
384 40
385 235
386 326
387 168
388 195
389 317
390 330
391 260
392 355
393 378
394 125
395 157
396 87
397 113
398 75
399 500
400 88
401 408
402 373
403 195
404 361
405 442
406 155
407 463
408 13
409 270
410 438
411 190
412 126
413 473
414 329
415 102
416 462
417 273
418 221
419 289
420 362
421 239
422 207
423 433
424 266
425 217
426 354
427 135
428 332
429 312
430 492
431 427
432 238
433 170
434 194
435 35
436 476
437 77
438 406
439 152
440 74
441 170
442 476
443 91
444 345
445 490
446 333
447 143
448 63
449 401
450 75
451 4
452 481
453 364
454 391
455 410
456 475
457 248
458 475
459 262
460 215
461 159
462 52
463 409
464 324
465 59
466 86
467 58
468 133
469 457
470 28
471 110
472 205
473 313
474 444
475 323
476 442
477 174
478 61
479 434
480 252
481 447
482 133
483 496
484 350
485 424
486 186
487 473
488 412
489 328
490 33
491 379
492 276
493 158
494 67
495 441
496 258
497 135
498 459
499 239
500 22
1 456
2 209
3 252
4 210
5 146
6 345
7 76
8 105
9 393
10 316
11 76
12 229
13 52
14 138
15 55
16 444
17 2
18 223
19 80
20 319
21 366
22 41
23 386
24 381
25 390
26 56
27 134
28 242
29 65
30 436
31 1
32 405
33 380
34 266
35 85
36 135
37 192
38 68
39 14
40 241
41 22
42 55
43 289
44 255
45 317
46 309
47 369
48 441
49 73
50 129
51 207
52 354
53 500
54 394
55 308
56 421
57 292
58 221
59 8
60 494
61 291
62 311
63 28
64 430
65 178
66 320
67 440
68 116
69 98
70 294
71 196
72 401
73 495
74 379
75 308
76 359
77 440
78 30
79 339
80 484
81 171
82 354
83 244
84 317
85 229
86 32
87 197
88 8
89 255
90 94
91 342
92 19
93 362
94 77
95 454
96 78
97 191
98 382
99 162
100 450
101 137
102 172
103 419
104 106
105 233
106 491
107 447
108 281
109 194
110 240
111 121
112 11
113 171
114 391
115 389
116 216
117 242
118 173
119 362
120 478
121 69
122 315
123 307
124 289
125 260
126 487
127 139
128 337
129 328
130 311
131 359
132 40
133 322
134 456
135 32
136 281
137 55
138 360
139 453
140 60
141 431
142 439
143 128
144 108
145 11
146 291
147 17
148 116
149 375
150 117
151 127
152 127
153 315
154 33
155 80
156 182
157 433
158 146
159 62
160 384
161 466
162 373
163 365
164 46
165 414
166 474
167 78
168 121
169 44
170 489
171 492
172 83
173 265
174 399
175 29
176 169
177 361
178 33
179 441
180 197
181 289
182 154
183 333
184 127
185 147
186 484
187 332
188 203
189 75
190 364
191 34
192 334
193 234
194 148
195 455
196 383
197 421
198 255
199 448
200 277
201 377
202 99
203 105
204 418
205 478
206 217
207 244
208 464
209 440
210 364
211 150
212 370
213 317
214 436
215 93
216 450
217 361
218 398
219 180
220 369
221 69
222 403
223 490
224 385
225 471
226 358
227 245
228 417
229 490
230 314
231 227
232 495
233 248
234 404
235 12
236 93
237 5
238 444
239 119
240 397
241 324
242 171
243 330
244 446
245 70
246 89
247 36
248 380
249 301
250 179
251 37
252 440
253 316
254 390
255 155
256 221
257 108
258 497
259 252
260 224
261 151
262 409
263 392
264 138
265 100
266 186
267 452
268 299
269 101
270 100
271 285
272 192
273 412
274 68
275 325
276 424
277 378
278 370
279 415
280 454
281 317
282 471
283 109
284 381
285 301
286 312
287 357
288 497
289 391
290 358
291 313
292 158
293 63
294 366
295 92
296 22
297 148
298 223
299 463
300 11
301 491
302 274
303 104
304 97
305 496
306 323
307 428
308 401
309 142
310 343
311 330
312 218
313 240
314 147
315 497
316 482
317 214
318 429
319 139
320 51
321 374
322 266
323 469
324 1
325 346
326 479
327 209
328 192
329 9
330 335
331 336
332 486
333 428
334 19
335 490
336 411
337 328
338 407
339 195
340 238
341 189
342 352
343 450
344 158
345 174
346 265
347 422
348 412
349 276
350 313
351 317
352 201
353 91
354 277
355 103
356 361
357 130
358 229
359 48
360 446
361 326
362 155
363 281
364 433
365 232
366 112
367 304
368 343
369 461
370 272
371 248
372 435
373 91
374 234
375 347
376 44
377 407
378 71
379 281
380 497
381 368
382 285
383 398
384 197
385 26
386 97
387 74
388 264
389 231
390 488
391 267
392 419
393 367
394 294
395 490
396 278
397 67
398 381
399 270
400 83
401 263
402 263
403 94
404 429
405 437
406 97
407 494
408 121
409 76
410 278
411 361
412 458
413 6
414 89
415 95
416 203
417 455
418 403
419 359
420 342
421 131
422 271
423 295
424 381
425 244
426 484
427 354
428 221
429 98
430 263
431 205
432 301
433 102
434 151
435 269
436 334
437 281
438 79
439 123
440 137
441 436
442 67
443 385
444 146
445 5
446 92
447 48
448 307
449 155
450 254
451 59
452 134
453 327
454 466
455 276
456 429
457 155
458 290
459 366
460 291
461 29
462 35
463 258
464 27
465 195
466 245
467 490
468 352
469 383
470 422
471 167
472 331
473 425
474 148
475 103
476 234
477 349
478 292
479 303
480 154
481 330
482 229
483 259
484 40
485 86
486 442
487 465
488 444
489 76
490 442
491 200
492 339
493 2
494 490
495 64
496 435
497 123
498 64
499 141
500 20
